2020-01-12 21:47:57.186785:   [INFO  ]   -----------------------------------------------------------------------------
2020-01-12 21:47:57.186959:   [INFO  ]   Hello world!
2020-01-12 21:47:57.187080:   [EXIT  ]   Exit All!
2020-01-12 21:47:57.187168:   [INFO  ]   Start main processing!
2020-01-12 21:47:57.187272:   [START ]   Start Prepare Traning data
2020-01-12 21:47:57.187356:   [START ]   Start Reading KET
2020-01-12 21:47:58.688779:   [DONE  ]   Preprocess ./dataset/cambridge/KET/1.txt Done
2020-01-12 21:47:58.704312:   [DONE  ]   Preprocess ./dataset/cambridge/KET/2.txt Done
2020-01-12 21:47:58.731719:   [DONE  ]   Preprocess ./dataset/cambridge/KET/3.txt Done
2020-01-12 21:47:58.747530:   [DONE  ]   Preprocess ./dataset/cambridge/KET/4.txt Done
2020-01-12 21:47:58.774292:   [DONE  ]   Preprocess ./dataset/cambridge/KET/5.txt Done
2020-01-12 21:47:58.800081:   [DONE  ]   Preprocess ./dataset/cambridge/KET/6.txt Done
2020-01-12 21:47:58.815997:   [DONE  ]   Preprocess ./dataset/cambridge/KET/7.txt Done
2020-01-12 21:47:58.840546:   [DONE  ]   Preprocess ./dataset/cambridge/KET/8.txt Done
2020-01-12 21:47:58.851809:   [DONE  ]   Preprocess ./dataset/cambridge/KET/9.txt Done
2020-01-12 21:47:58.869267:   [DONE  ]   Preprocess ./dataset/cambridge/KET/10.txt Done
2020-01-12 21:47:58.881400:   [DONE  ]   Preprocess ./dataset/cambridge/KET/11.txt Done
2020-01-12 21:47:58.899613:   [DONE  ]   Preprocess ./dataset/cambridge/KET/12.txt Done
2020-01-12 21:47:58.915290:   [DONE  ]   Preprocess ./dataset/cambridge/KET/13.txt Done
2020-01-12 21:47:58.929353:   [DONE  ]   Preprocess ./dataset/cambridge/KET/14.txt Done
2020-01-12 21:47:58.948950:   [DONE  ]   Preprocess ./dataset/cambridge/KET/15.txt Done
2020-01-12 21:47:58.966495:   [DONE  ]   Preprocess ./dataset/cambridge/KET/16.txt Done
2020-01-12 21:47:59.002355:   [DONE  ]   Preprocess ./dataset/cambridge/KET/17.txt Done
2020-01-12 21:47:59.022393:   [DONE  ]   Preprocess ./dataset/cambridge/KET/18.txt Done
2020-01-12 21:47:59.037892:   [DONE  ]   Preprocess ./dataset/cambridge/KET/19.txt Done
2020-01-12 21:47:59.050325:   [DONE  ]   Preprocess ./dataset/cambridge/KET/20.txt Done
2020-01-12 21:47:59.080714:   [DONE  ]   Preprocess ./dataset/cambridge/KET/21.txt Done
2020-01-12 21:47:59.100373:   [DONE  ]   Preprocess ./dataset/cambridge/KET/22.txt Done
2020-01-12 21:47:59.116981:   [DONE  ]   Preprocess ./dataset/cambridge/KET/23.txt Done
2020-01-12 21:47:59.134883:   [DONE  ]   Preprocess ./dataset/cambridge/KET/24.txt Done
2020-01-12 21:47:59.163124:   [DONE  ]   Preprocess ./dataset/cambridge/KET/25.txt Done
2020-01-12 21:47:59.177461:   [DONE  ]   Preprocess ./dataset/cambridge/KET/26.txt Done
2020-01-12 21:47:59.205300:   [DONE  ]   Preprocess ./dataset/cambridge/KET/27.txt Done
2020-01-12 21:47:59.235736:   [DONE  ]   Preprocess ./dataset/cambridge/KET/28.txt Done
2020-01-12 21:47:59.264661:   [DONE  ]   Preprocess ./dataset/cambridge/KET/29.txt Done
2020-01-12 21:47:59.292856:   [DONE  ]   Preprocess ./dataset/cambridge/KET/30.txt Done
2020-01-12 21:47:59.311410:   [DONE  ]   Preprocess ./dataset/cambridge/KET/31.txt Done
2020-01-12 21:47:59.328509:   [DONE  ]   Preprocess ./dataset/cambridge/KET/32.txt Done
2020-01-12 21:47:59.341481:   [DONE  ]   Preprocess ./dataset/cambridge/KET/33.txt Done
2020-01-12 21:47:59.356689:   [DONE  ]   Preprocess ./dataset/cambridge/KET/34.txt Done
2020-01-12 21:47:59.368924:   [DONE  ]   Preprocess ./dataset/cambridge/KET/35.txt Done
2020-01-12 21:47:59.395706:   [DONE  ]   Preprocess ./dataset/cambridge/KET/36.txt Done
2020-01-12 21:47:59.411983:   [DONE  ]   Preprocess ./dataset/cambridge/KET/37.txt Done
2020-01-12 21:47:59.428086:   [DONE  ]   Preprocess ./dataset/cambridge/KET/38.txt Done
2020-01-12 21:47:59.444770:   [DONE  ]   Preprocess ./dataset/cambridge/KET/39.txt Done
2020-01-12 21:47:59.471226:   [DONE  ]   Preprocess ./dataset/cambridge/KET/40.txt Done
2020-01-12 21:47:59.487397:   [DONE  ]   Preprocess ./dataset/cambridge/KET/41.txt Done
2020-01-12 21:47:59.508709:   [DONE  ]   Preprocess ./dataset/cambridge/KET/42.txt Done
2020-01-12 21:47:59.524899:   [DONE  ]   Preprocess ./dataset/cambridge/KET/43.txt Done
2020-01-12 21:47:59.559401:   [DONE  ]   Preprocess ./dataset/cambridge/KET/44.txt Done
2020-01-12 21:47:59.589498:   [DONE  ]   Preprocess ./dataset/cambridge/KET/45.txt Done
2020-01-12 21:47:59.606301:   [DONE  ]   Preprocess ./dataset/cambridge/KET/46.txt Done
2020-01-12 21:47:59.640862:   [DONE  ]   Preprocess ./dataset/cambridge/KET/47.txt Done
2020-01-12 21:47:59.674168:   [DONE  ]   Preprocess ./dataset/cambridge/KET/48.txt Done
2020-01-12 21:47:59.702319:   [DONE  ]   Preprocess ./dataset/cambridge/KET/49.txt Done
2020-01-12 21:47:59.731222:   [DONE  ]   Preprocess ./dataset/cambridge/KET/50.txt Done
2020-01-12 21:47:59.749402:   [DONE  ]   Preprocess ./dataset/cambridge/KET/51.txt Done
2020-01-12 21:47:59.776293:   [DONE  ]   Preprocess ./dataset/cambridge/KET/52.txt Done
2020-01-12 21:47:59.792773:   [DONE  ]   Preprocess ./dataset/cambridge/KET/53.txt Done
2020-01-12 21:47:59.810601:   [DONE  ]   Preprocess ./dataset/cambridge/KET/54.txt Done
2020-01-12 21:47:59.827077:   [DONE  ]   Preprocess ./dataset/cambridge/KET/55.txt Done
2020-01-12 21:47:59.843458:   [DONE  ]   Preprocess ./dataset/cambridge/KET/56.txt Done
2020-01-12 21:47:59.861586:   [DONE  ]   Preprocess ./dataset/cambridge/KET/57.txt Done
2020-01-12 21:47:59.880008:   [DONE  ]   Preprocess ./dataset/cambridge/KET/58.txt Done
2020-01-12 21:47:59.892964:   [DONE  ]   Preprocess ./dataset/cambridge/KET/59.txt Done
2020-01-12 21:47:59.906432:   [DONE  ]   Preprocess ./dataset/cambridge/KET/60.txt Done
2020-01-12 21:47:59.937173:   [DONE  ]   Preprocess ./dataset/cambridge/KET/61.txt Done
2020-01-12 21:47:59.937307:   [DONE  ]   Read KET Done
2020-01-12 21:47:59.937525:   [START ]   Start Reading PET
2020-01-12 21:47:59.979892:   [DONE  ]   Preprocess ./dataset/cambridge/PET/1.txt Done
2020-01-12 21:47:59.999870:   [DONE  ]   Preprocess ./dataset/cambridge/PET/2.txt Done
2020-01-12 21:48:00.023772:   [DONE  ]   Preprocess ./dataset/cambridge/PET/3.txt Done
2020-01-12 21:48:00.073315:   [DONE  ]   Preprocess ./dataset/cambridge/PET/4.txt Done
2020-01-12 21:48:00.099698:   [DONE  ]   Preprocess ./dataset/cambridge/PET/5.txt Done
2020-01-12 21:48:00.124482:   [DONE  ]   Preprocess ./dataset/cambridge/PET/6.txt Done
2020-01-12 21:48:00.190491:   [DONE  ]   Preprocess ./dataset/cambridge/PET/7.txt Done
2020-01-12 21:48:00.309364:   [DONE  ]   Preprocess ./dataset/cambridge/PET/8.txt Done
2020-01-12 21:48:00.390225:   [DONE  ]   Preprocess ./dataset/cambridge/PET/9.txt Done
2020-01-12 21:48:00.430785:   [DONE  ]   Preprocess ./dataset/cambridge/PET/10.txt Done
2020-01-12 21:48:00.486061:   [DONE  ]   Preprocess ./dataset/cambridge/PET/11.txt Done
2020-01-12 21:48:00.535079:   [DONE  ]   Preprocess ./dataset/cambridge/PET/12.txt Done
2020-01-12 21:48:00.562669:   [DONE  ]   Preprocess ./dataset/cambridge/PET/13.txt Done
2020-01-12 21:48:00.686681:   [DONE  ]   Preprocess ./dataset/cambridge/PET/14.txt Done
2020-01-12 21:48:00.760392:   [DONE  ]   Preprocess ./dataset/cambridge/PET/15.txt Done
2020-01-12 21:48:00.789985:   [DONE  ]   Preprocess ./dataset/cambridge/PET/16.txt Done
2020-01-12 21:48:00.854424:   [DONE  ]   Preprocess ./dataset/cambridge/PET/17.txt Done
2020-01-12 21:48:00.907731:   [DONE  ]   Preprocess ./dataset/cambridge/PET/18.txt Done
2020-01-12 21:48:00.996612:   [DONE  ]   Preprocess ./dataset/cambridge/PET/19.txt Done
2020-01-12 21:48:01.036728:   [DONE  ]   Preprocess ./dataset/cambridge/PET/20.txt Done
2020-01-12 21:48:01.070163:   [DONE  ]   Preprocess ./dataset/cambridge/PET/21.txt Done
2020-01-12 21:48:01.153488:   [DONE  ]   Preprocess ./dataset/cambridge/PET/22.txt Done
2020-01-12 21:48:01.179819:   [DONE  ]   Preprocess ./dataset/cambridge/PET/23.txt Done
2020-01-12 21:48:01.205256:   [DONE  ]   Preprocess ./dataset/cambridge/PET/24.txt Done
2020-01-12 21:48:01.232433:   [DONE  ]   Preprocess ./dataset/cambridge/PET/25.txt Done
2020-01-12 21:48:01.288864:   [DONE  ]   Preprocess ./dataset/cambridge/PET/26.txt Done
2020-01-12 21:48:01.319334:   [DONE  ]   Preprocess ./dataset/cambridge/PET/27.txt Done
2020-01-12 21:48:01.388560:   [DONE  ]   Preprocess ./dataset/cambridge/PET/28.txt Done
2020-01-12 21:48:01.451879:   [DONE  ]   Preprocess ./dataset/cambridge/PET/29.txt Done
2020-01-12 21:48:01.483624:   [DONE  ]   Preprocess ./dataset/cambridge/PET/30.txt Done
2020-01-12 21:48:01.526016:   [DONE  ]   Preprocess ./dataset/cambridge/PET/31.txt Done
2020-01-12 21:48:01.562069:   [DONE  ]   Preprocess ./dataset/cambridge/PET/32.txt Done
2020-01-12 21:48:01.602958:   [DONE  ]   Preprocess ./dataset/cambridge/PET/33.txt Done
2020-01-12 21:48:01.658429:   [DONE  ]   Preprocess ./dataset/cambridge/PET/34.txt Done
2020-01-12 21:48:01.691158:   [DONE  ]   Preprocess ./dataset/cambridge/PET/35.txt Done
2020-01-12 21:48:01.753809:   [DONE  ]   Preprocess ./dataset/cambridge/PET/36.txt Done
2020-01-12 21:48:01.774002:   [DONE  ]   Preprocess ./dataset/cambridge/PET/37.txt Done
2020-01-12 21:48:01.831533:   [DONE  ]   Preprocess ./dataset/cambridge/PET/38.txt Done
2020-01-12 21:48:01.889278:   [DONE  ]   Preprocess ./dataset/cambridge/PET/39.txt Done
2020-01-12 21:48:01.930217:   [DONE  ]   Preprocess ./dataset/cambridge/PET/40.txt Done
2020-01-12 21:48:01.968147:   [DONE  ]   Preprocess ./dataset/cambridge/PET/41.txt Done
2020-01-12 21:48:01.989720:   [DONE  ]   Preprocess ./dataset/cambridge/PET/42.txt Done
2020-01-12 21:48:02.029409:   [DONE  ]   Preprocess ./dataset/cambridge/PET/43.txt Done
2020-01-12 21:48:02.087822:   [DONE  ]   Preprocess ./dataset/cambridge/PET/44.txt Done
2020-01-12 21:48:02.106999:   [DONE  ]   Preprocess ./dataset/cambridge/PET/45.txt Done
2020-01-12 21:48:02.134730:   [DONE  ]   Preprocess ./dataset/cambridge/PET/46.txt Done
2020-01-12 21:48:02.193690:   [DONE  ]   Preprocess ./dataset/cambridge/PET/47.txt Done
2020-01-12 21:48:02.218692:   [DONE  ]   Preprocess ./dataset/cambridge/PET/48.txt Done
2020-01-12 21:48:02.236478:   [DONE  ]   Preprocess ./dataset/cambridge/PET/49.txt Done
2020-01-12 21:48:02.265132:   [DONE  ]   Preprocess ./dataset/cambridge/PET/50.txt Done
2020-01-12 21:48:02.295414:   [DONE  ]   Preprocess ./dataset/cambridge/PET/51.txt Done
2020-01-12 21:48:02.355123:   [DONE  ]   Preprocess ./dataset/cambridge/PET/52.txt Done
2020-01-12 21:48:02.375499:   [DONE  ]   Preprocess ./dataset/cambridge/PET/53.txt Done
2020-01-12 21:48:02.411858:   [DONE  ]   Preprocess ./dataset/cambridge/PET/54.txt Done
2020-01-12 21:48:02.432614:   [DONE  ]   Preprocess ./dataset/cambridge/PET/55.txt Done
2020-01-12 21:48:02.432752:   [DONE  ]   Read PET Done
2020-01-12 21:48:02.432912:   [START ]   Start Reading FCE
2020-01-12 21:48:02.524327:   [DONE  ]   Preprocess ./dataset/cambridge/FCE/1.txt Done
2020-01-12 21:48:02.618750:   [DONE  ]   Preprocess ./dataset/cambridge/FCE/2.txt Done
2020-01-12 21:48:02.712514:   [DONE  ]   Preprocess ./dataset/cambridge/FCE/3.txt Done
2020-01-12 21:48:02.805293:   [DONE  ]   Preprocess ./dataset/cambridge/FCE/4.txt Done
2020-01-12 21:48:02.900902:   [DONE  ]   Preprocess ./dataset/cambridge/FCE/5.txt Done
2020-01-12 21:48:02.961927:   [DONE  ]   Preprocess ./dataset/cambridge/FCE/6.txt Done
2020-01-12 21:48:03.046508:   [DONE  ]   Preprocess ./dataset/cambridge/FCE/7.txt Done
2020-01-12 21:48:03.121600:   [DONE  ]   Preprocess ./dataset/cambridge/FCE/8.txt Done
2020-01-12 21:48:03.193609:   [DONE  ]   Preprocess ./dataset/cambridge/FCE/9.txt Done
2020-01-12 21:48:03.270875:   [DONE  ]   Preprocess ./dataset/cambridge/FCE/10.txt Done
2020-01-12 21:48:03.354572:   [DONE  ]   Preprocess ./dataset/cambridge/FCE/11.txt Done
2020-01-12 21:48:03.455699:   [DONE  ]   Preprocess ./dataset/cambridge/FCE/12.txt Done
2020-01-12 21:48:03.551826:   [DONE  ]   Preprocess ./dataset/cambridge/FCE/13.txt Done
2020-01-12 21:48:03.617385:   [DONE  ]   Preprocess ./dataset/cambridge/FCE/14.txt Done
2020-01-12 21:48:03.712316:   [DONE  ]   Preprocess ./dataset/cambridge/FCE/15.txt Done
2020-01-12 21:48:03.794129:   [DONE  ]   Preprocess ./dataset/cambridge/FCE/16.txt Done
2020-01-12 21:48:03.863856:   [DONE  ]   Preprocess ./dataset/cambridge/FCE/17.txt Done
2020-01-12 21:48:03.961953:   [DONE  ]   Preprocess ./dataset/cambridge/FCE/18.txt Done
2020-01-12 21:48:04.062346:   [DONE  ]   Preprocess ./dataset/cambridge/FCE/19.txt Done
2020-01-12 21:48:04.145644:   [DONE  ]   Preprocess ./dataset/cambridge/FCE/20.txt Done
2020-01-12 21:48:04.231989:   [DONE  ]   Preprocess ./dataset/cambridge/FCE/21.txt Done
2020-01-12 21:48:04.297791:   [DONE  ]   Preprocess ./dataset/cambridge/FCE/22.txt Done
2020-01-12 21:48:04.370123:   [DONE  ]   Preprocess ./dataset/cambridge/FCE/23.txt Done
2020-01-12 21:48:04.452352:   [DONE  ]   Preprocess ./dataset/cambridge/FCE/24.txt Done
2020-01-12 21:48:04.561487:   [DONE  ]   Preprocess ./dataset/cambridge/FCE/25.txt Done
2020-01-12 21:48:04.658780:   [DONE  ]   Preprocess ./dataset/cambridge/FCE/26.txt Done
2020-01-12 21:48:04.733710:   [DONE  ]   Preprocess ./dataset/cambridge/FCE/27.txt Done
2020-01-12 21:48:04.817367:   [DONE  ]   Preprocess ./dataset/cambridge/FCE/28.txt Done
2020-01-12 21:48:04.878970:   [DONE  ]   Preprocess ./dataset/cambridge/FCE/29.txt Done
2020-01-12 21:48:04.949329:   [DONE  ]   Preprocess ./dataset/cambridge/FCE/30.txt Done
2020-01-12 21:48:05.015369:   [DONE  ]   Preprocess ./dataset/cambridge/FCE/31.txt Done
2020-01-12 21:48:05.113272:   [DONE  ]   Preprocess ./dataset/cambridge/FCE/32.txt Done
2020-01-12 21:48:05.210590:   [DONE  ]   Preprocess ./dataset/cambridge/FCE/33.txt Done
2020-01-12 21:48:05.296649:   [DONE  ]   Preprocess ./dataset/cambridge/FCE/34.txt Done
2020-01-12 21:48:05.376724:   [DONE  ]   Preprocess ./dataset/cambridge/FCE/35.txt Done
2020-01-12 21:48:05.458530:   [DONE  ]   Preprocess ./dataset/cambridge/FCE/36.txt Done
2020-01-12 21:48:05.549586:   [DONE  ]   Preprocess ./dataset/cambridge/FCE/37.txt Done
2020-01-12 21:48:05.635370:   [DONE  ]   Preprocess ./dataset/cambridge/FCE/38.txt Done
2020-01-12 21:48:05.710503:   [DONE  ]   Preprocess ./dataset/cambridge/FCE/39.txt Done
2020-01-12 21:48:05.789827:   [DONE  ]   Preprocess ./dataset/cambridge/FCE/40.txt Done
2020-01-12 21:48:05.863951:   [DONE  ]   Preprocess ./dataset/cambridge/FCE/41.txt Done
2020-01-12 21:48:05.936820:   [DONE  ]   Preprocess ./dataset/cambridge/FCE/42.txt Done
2020-01-12 21:48:06.026639:   [DONE  ]   Preprocess ./dataset/cambridge/FCE/43.txt Done
2020-01-12 21:48:06.110216:   [DONE  ]   Preprocess ./dataset/cambridge/FCE/44.txt Done
2020-01-12 21:48:06.186290:   [DONE  ]   Preprocess ./dataset/cambridge/FCE/45.txt Done
2020-01-12 21:48:06.278069:   [DONE  ]   Preprocess ./dataset/cambridge/FCE/46.txt Done
2020-01-12 21:48:06.365054:   [DONE  ]   Preprocess ./dataset/cambridge/FCE/47.txt Done
2020-01-12 21:48:06.437330:   [DONE  ]   Preprocess ./dataset/cambridge/FCE/48.txt Done
2020-01-12 21:48:06.508999:   [DONE  ]   Preprocess ./dataset/cambridge/FCE/49.txt Done
2020-01-12 21:48:06.591681:   [DONE  ]   Preprocess ./dataset/cambridge/FCE/50.txt Done
2020-01-12 21:48:06.684178:   [DONE  ]   Preprocess ./dataset/cambridge/FCE/51.txt Done
2020-01-12 21:48:06.768202:   [DONE  ]   Preprocess ./dataset/cambridge/FCE/52.txt Done
2020-01-12 21:48:06.835084:   [DONE  ]   Preprocess ./dataset/cambridge/FCE/53.txt Done
2020-01-12 21:48:06.928366:   [DONE  ]   Preprocess ./dataset/cambridge/FCE/54.txt Done
2020-01-12 21:48:07.009349:   [DONE  ]   Preprocess ./dataset/cambridge/FCE/55.txt Done
2020-01-12 21:48:07.091641:   [DONE  ]   Preprocess ./dataset/cambridge/FCE/56.txt Done
2020-01-12 21:48:07.158479:   [DONE  ]   Preprocess ./dataset/cambridge/FCE/57.txt Done
2020-01-12 21:48:07.235519:   [DONE  ]   Preprocess ./dataset/cambridge/FCE/58.txt Done
2020-01-12 21:48:07.326644:   [DONE  ]   Preprocess ./dataset/cambridge/FCE/59.txt Done
2020-01-12 21:48:07.415502:   [DONE  ]   Preprocess ./dataset/cambridge/FCE/60.txt Done
2020-01-12 21:48:07.498312:   [DONE  ]   Preprocess ./dataset/cambridge/FCE/61.txt Done
2020-01-12 21:48:07.586367:   [DONE  ]   Preprocess ./dataset/cambridge/FCE/62.txt Done
2020-01-12 21:48:07.669542:   [DONE  ]   Preprocess ./dataset/cambridge/FCE/63.txt Done
2020-01-12 21:48:07.757659:   [DONE  ]   Preprocess ./dataset/cambridge/FCE/64.txt Done
2020-01-12 21:48:07.822644:   [DONE  ]   Preprocess ./dataset/cambridge/FCE/65.txt Done
2020-01-12 21:48:07.912065:   [DONE  ]   Preprocess ./dataset/cambridge/FCE/66.txt Done
2020-01-12 21:48:07.995799:   [DONE  ]   Preprocess ./dataset/cambridge/FCE/67.txt Done
2020-01-12 21:48:07.995940:   [DONE  ]   Read FCE Done
2020-01-12 21:48:07.996450:   [START ]   Start Reading CAE
2020-01-12 21:48:08.169070:   [DONE  ]   Preprocess ./dataset/cambridge/CAE/1.txt Done
2020-01-12 21:48:08.283468:   [DONE  ]   Preprocess ./dataset/cambridge/CAE/2.txt Done
2020-01-12 21:48:08.430893:   [DONE  ]   Preprocess ./dataset/cambridge/CAE/3.txt Done
2020-01-12 21:48:08.494614:   [DONE  ]   Preprocess ./dataset/cambridge/CAE/4.txt Done
2020-01-12 21:48:08.577574:   [DONE  ]   Preprocess ./dataset/cambridge/CAE/5.txt Done
2020-01-12 21:48:08.689996:   [DONE  ]   Preprocess ./dataset/cambridge/CAE/6.txt Done
2020-01-12 21:48:08.788774:   [DONE  ]   Preprocess ./dataset/cambridge/CAE/7.txt Done
2020-01-12 21:48:08.897813:   [DONE  ]   Preprocess ./dataset/cambridge/CAE/8.txt Done
2020-01-12 21:48:09.054353:   [DONE  ]   Preprocess ./dataset/cambridge/CAE/9.txt Done
2020-01-12 21:48:09.130147:   [DONE  ]   Preprocess ./dataset/cambridge/CAE/10.txt Done
2020-01-12 21:48:09.237183:   [DONE  ]   Preprocess ./dataset/cambridge/CAE/11.txt Done
2020-01-12 21:48:09.353020:   [DONE  ]   Preprocess ./dataset/cambridge/CAE/12.txt Done
2020-01-12 21:48:09.441121:   [DONE  ]   Preprocess ./dataset/cambridge/CAE/13.txt Done
2020-01-12 21:48:09.546440:   [DONE  ]   Preprocess ./dataset/cambridge/CAE/14.txt Done
2020-01-12 21:48:09.630224:   [DONE  ]   Preprocess ./dataset/cambridge/CAE/15.txt Done
2020-01-12 21:48:09.757104:   [DONE  ]   Preprocess ./dataset/cambridge/CAE/16.txt Done
2020-01-12 21:48:09.830299:   [DONE  ]   Preprocess ./dataset/cambridge/CAE/17.txt Done
2020-01-12 21:48:09.960938:   [DONE  ]   Preprocess ./dataset/cambridge/CAE/18.txt Done
2020-01-12 21:48:10.122855:   [DONE  ]   Preprocess ./dataset/cambridge/CAE/19.txt Done
2020-01-12 21:48:10.303722:   [DONE  ]   Preprocess ./dataset/cambridge/CAE/20.txt Done
2020-01-12 21:48:10.401358:   [DONE  ]   Preprocess ./dataset/cambridge/CAE/21.txt Done
2020-01-12 21:48:10.511852:   [DONE  ]   Preprocess ./dataset/cambridge/CAE/22.txt Done
2020-01-12 21:48:10.633621:   [DONE  ]   Preprocess ./dataset/cambridge/CAE/23.txt Done
2020-01-12 21:48:10.750773:   [DONE  ]   Preprocess ./dataset/cambridge/CAE/24.txt Done
2020-01-12 21:48:10.835344:   [DONE  ]   Preprocess ./dataset/cambridge/CAE/25.txt Done
2020-01-12 21:48:10.946794:   [DONE  ]   Preprocess ./dataset/cambridge/CAE/26.txt Done
2020-01-12 21:48:11.046992:   [DONE  ]   Preprocess ./dataset/cambridge/CAE/27.txt Done
2020-01-12 21:48:11.085232:   [DONE  ]   Preprocess ./dataset/cambridge/CAE/28.txt Done
2020-01-12 21:48:11.223041:   [DONE  ]   Preprocess ./dataset/cambridge/CAE/29.txt Done
2020-01-12 21:48:11.308604:   [DONE  ]   Preprocess ./dataset/cambridge/CAE/30.txt Done
2020-01-12 21:48:11.414108:   [DONE  ]   Preprocess ./dataset/cambridge/CAE/31.txt Done
2020-01-12 21:48:11.496531:   [DONE  ]   Preprocess ./dataset/cambridge/CAE/32.txt Done
2020-01-12 21:48:11.601351:   [DONE  ]   Preprocess ./dataset/cambridge/CAE/33.txt Done
2020-01-12 21:48:11.669407:   [DONE  ]   Preprocess ./dataset/cambridge/CAE/34.txt Done
2020-01-12 21:48:11.813323:   [DONE  ]   Preprocess ./dataset/cambridge/CAE/35.txt Done
2020-01-12 21:48:11.906567:   [DONE  ]   Preprocess ./dataset/cambridge/CAE/36.txt Done
2020-01-12 21:48:11.998016:   [DONE  ]   Preprocess ./dataset/cambridge/CAE/37.txt Done
2020-01-12 21:48:12.124707:   [DONE  ]   Preprocess ./dataset/cambridge/CAE/38.txt Done
2020-01-12 21:48:12.203211:   [DONE  ]   Preprocess ./dataset/cambridge/CAE/39.txt Done
2020-01-12 21:48:12.287728:   [DONE  ]   Preprocess ./dataset/cambridge/CAE/40.txt Done
2020-01-12 21:48:12.399898:   [DONE  ]   Preprocess ./dataset/cambridge/CAE/41.txt Done
2020-01-12 21:48:12.510877:   [DONE  ]   Preprocess ./dataset/cambridge/CAE/42.txt Done
2020-01-12 21:48:12.624652:   [DONE  ]   Preprocess ./dataset/cambridge/CAE/43.txt Done
2020-01-12 21:48:12.746270:   [DONE  ]   Preprocess ./dataset/cambridge/CAE/44.txt Done
2020-01-12 21:48:12.817196:   [DONE  ]   Preprocess ./dataset/cambridge/CAE/45.txt Done
2020-01-12 21:48:12.910667:   [DONE  ]   Preprocess ./dataset/cambridge/CAE/46.txt Done
2020-01-12 21:48:13.006757:   [DONE  ]   Preprocess ./dataset/cambridge/CAE/47.txt Done
2020-01-12 21:48:13.142110:   [DONE  ]   Preprocess ./dataset/cambridge/CAE/48.txt Done
2020-01-12 21:48:13.306601:   [DONE  ]   Preprocess ./dataset/cambridge/CAE/49.txt Done
2020-01-12 21:48:13.397866:   [DONE  ]   Preprocess ./dataset/cambridge/CAE/50.txt Done
2020-01-12 21:48:13.474822:   [DONE  ]   Preprocess ./dataset/cambridge/CAE/51.txt Done
2020-01-12 21:48:13.590474:   [DONE  ]   Preprocess ./dataset/cambridge/CAE/52.txt Done
2020-01-12 21:48:13.672549:   [DONE  ]   Preprocess ./dataset/cambridge/CAE/53.txt Done
2020-01-12 21:48:13.753446:   [DONE  ]   Preprocess ./dataset/cambridge/CAE/54.txt Done
2020-01-12 21:48:13.875099:   [DONE  ]   Preprocess ./dataset/cambridge/CAE/55.txt Done
2020-01-12 21:48:13.875221:   [DONE  ]   Read CAE Done
2020-01-12 21:48:13.875705:   [START ]   Start Reading CPE
2020-01-12 21:48:14.012695:   [DONE  ]   Preprocess ./dataset/cambridge/CPE/1.txt Done
2020-01-12 21:48:14.125165:   [DONE  ]   Preprocess ./dataset/cambridge/CPE/2.txt Done
2020-01-12 21:48:14.255724:   [DONE  ]   Preprocess ./dataset/cambridge/CPE/3.txt Done
2020-01-12 21:48:14.406810:   [DONE  ]   Preprocess ./dataset/cambridge/CPE/4.txt Done
2020-01-12 21:48:14.528410:   [DONE  ]   Preprocess ./dataset/cambridge/CPE/5.txt Done
2020-01-12 21:48:14.679134:   [DONE  ]   Preprocess ./dataset/cambridge/CPE/6.txt Done
2020-01-12 21:48:14.801767:   [DONE  ]   Preprocess ./dataset/cambridge/CPE/7.txt Done
2020-01-12 21:48:14.923379:   [DONE  ]   Preprocess ./dataset/cambridge/CPE/8.txt Done
2020-01-12 21:48:15.073928:   [DONE  ]   Preprocess ./dataset/cambridge/CPE/9.txt Done
2020-01-12 21:48:15.199440:   [DONE  ]   Preprocess ./dataset/cambridge/CPE/10.txt Done
2020-01-12 21:48:15.275837:   [DONE  ]   Preprocess ./dataset/cambridge/CPE/11.txt Done
2020-01-12 21:48:15.410856:   [DONE  ]   Preprocess ./dataset/cambridge/CPE/12.txt Done
2020-01-12 21:48:15.536417:   [DONE  ]   Preprocess ./dataset/cambridge/CPE/13.txt Done
2020-01-12 21:48:15.652110:   [DONE  ]   Preprocess ./dataset/cambridge/CPE/14.txt Done
2020-01-12 21:48:15.780170:   [DONE  ]   Preprocess ./dataset/cambridge/CPE/15.txt Done
2020-01-12 21:48:15.904840:   [DONE  ]   Preprocess ./dataset/cambridge/CPE/16.txt Done
2020-01-12 21:48:16.036085:   [DONE  ]   Preprocess ./dataset/cambridge/CPE/17.txt Done
2020-01-12 21:48:16.140186:   [DONE  ]   Preprocess ./dataset/cambridge/CPE/18.txt Done
2020-01-12 21:48:16.282299:   [DONE  ]   Preprocess ./dataset/cambridge/CPE/19.txt Done
2020-01-12 21:48:16.420695:   [DONE  ]   Preprocess ./dataset/cambridge/CPE/20.txt Done
2020-01-12 21:48:16.519666:   [DONE  ]   Preprocess ./dataset/cambridge/CPE/21.txt Done
2020-01-12 21:48:16.644658:   [DONE  ]   Preprocess ./dataset/cambridge/CPE/22.txt Done
2020-01-12 21:48:16.769581:   [DONE  ]   Preprocess ./dataset/cambridge/CPE/23.txt Done
2020-01-12 21:48:16.794056:   [DONE  ]   Preprocess ./dataset/cambridge/CPE/24.txt Done
2020-01-12 21:48:16.921033:   [DONE  ]   Preprocess ./dataset/cambridge/CPE/25.txt Done
2020-01-12 21:48:17.037077:   [DONE  ]   Preprocess ./dataset/cambridge/CPE/26.txt Done
2020-01-12 21:48:17.158716:   [DONE  ]   Preprocess ./dataset/cambridge/CPE/27.txt Done
2020-01-12 21:48:17.305362:   [DONE  ]   Preprocess ./dataset/cambridge/CPE/28.txt Done
2020-01-12 21:48:17.452871:   [DONE  ]   Preprocess ./dataset/cambridge/CPE/29.txt Done
2020-01-12 21:48:17.578259:   [DONE  ]   Preprocess ./dataset/cambridge/CPE/30.txt Done
2020-01-12 21:48:17.706689:   [DONE  ]   Preprocess ./dataset/cambridge/CPE/31.txt Done
2020-01-12 21:48:17.783582:   [DONE  ]   Preprocess ./dataset/cambridge/CPE/32.txt Done
2020-01-12 21:48:17.900437:   [DONE  ]   Preprocess ./dataset/cambridge/CPE/33.txt Done
2020-01-12 21:48:17.961459:   [DONE  ]   Preprocess ./dataset/cambridge/CPE/34.txt Done
2020-01-12 21:48:18.077654:   [DONE  ]   Preprocess ./dataset/cambridge/CPE/35.txt Done
2020-01-12 21:48:18.193001:   [DONE  ]   Preprocess ./dataset/cambridge/CPE/36.txt Done
2020-01-12 21:48:18.320004:   [DONE  ]   Preprocess ./dataset/cambridge/CPE/37.txt Done
2020-01-12 21:48:18.479723:   [DONE  ]   Preprocess ./dataset/cambridge/CPE/38.txt Done
2020-01-12 21:48:18.609783:   [DONE  ]   Preprocess ./dataset/cambridge/CPE/39.txt Done
2020-01-12 21:48:18.733906:   [DONE  ]   Preprocess ./dataset/cambridge/CPE/40.txt Done
2020-01-12 21:48:18.848689:   [DONE  ]   Preprocess ./dataset/cambridge/CPE/41.txt Done
2020-01-12 21:48:18.949541:   [DONE  ]   Preprocess ./dataset/cambridge/CPE/42.txt Done
2020-01-12 21:48:19.016467:   [DONE  ]   Preprocess ./dataset/cambridge/CPE/43.txt Done
2020-01-12 21:48:19.040978:   [DONE  ]   Preprocess ./dataset/cambridge/CPE/44.txt Done
2020-01-12 21:48:19.041097:   [DONE  ]   Read CPE Done
2020-01-12 21:48:19.577087:   [START ]   Initialize parameters Start
2020-01-12 21:48:19.577216:   [DONE  ]   Initialize parameters Done
2020-01-12 21:48:19.577309:   [START ]   Start setup FOLD
2020-01-12 21:48:19.577638:   [START ]   Setup FOLD Done
2020-01-12 21:48:19.578887:   [START ]   Time 0 Start
2020-01-12 21:48:19.579088:   [START ]   Start Training data
2020-01-12 21:48:19.579230:   [START ]   Limiting KET Start
2020-01-12 21:48:19.580976:   [RESULT]   ----------  max: 15.249035558079637----------
2020-01-12 21:48:19.581108:   [RESULT]   ----------  min: 11.118846628982197----------
2020-01-12 21:48:19.581230:   [RESULT]   ----------  mid: 13.088304975228434----------
2020-01-12 21:48:19.581412:   [RESULT]   ----------  avg: 13.273355183903854----------
2020-01-12 21:48:19.581539:   [RESULT]   ----------  var: 0.9247683948360438----------
2020-01-12 21:48:19.581625:   [RESULT]   ----------stdev: 0.9616487897543696----------
2020-01-12 21:48:19.581698:   [DONE  ]   Limiting KET Done
2020-01-12 21:48:19.581784:   [START ]   Limiting PET Start
2020-01-12 21:48:19.582966:   [RESULT]   ----------  max: 18.493707029048817----------
2020-01-12 21:48:19.583151:   [RESULT]   ----------  min: 14.07905362628056----------
2020-01-12 21:48:19.583256:   [RESULT]   ----------  mid: 15.829967252941323----------
2020-01-12 21:48:19.583416:   [RESULT]   ----------  avg: 16.10559746377743----------
2020-01-12 21:48:19.583489:   [RESULT]   ----------  var: 1.4615316711581614----------
2020-01-12 21:48:19.583641:   [RESULT]   ----------stdev: 1.208938241250628----------
2020-01-12 21:48:19.583754:   [DONE  ]   Limiting PET Done
2020-01-12 21:48:19.583903:   [START ]   Limiting FCE Start
2020-01-12 21:48:19.585721:   [RESULT]   ----------  max: 20.653810272748345----------
2020-01-12 21:48:19.585894:   [RESULT]   ----------  min: 16.901427869773464----------
2020-01-12 21:48:19.586047:   [RESULT]   ----------  mid: 18.936366834606336----------
2020-01-12 21:48:19.586338:   [RESULT]   ----------  avg: 18.947695997565933----------
2020-01-12 21:48:19.586450:   [RESULT]   ----------  var: 0.7408471672644538----------
2020-01-12 21:48:19.586594:   [RESULT]   ----------stdev: 0.8607247918263152----------
2020-01-12 21:48:19.586850:   [DONE  ]   Limiting FCE Done
2020-01-12 21:48:19.587018:   [START ]   Limiting CAE Start
2020-01-12 21:48:19.588412:   [RESULT]   ----------  max: 24.341051914975317----------
2020-01-12 21:48:19.588551:   [RESULT]   ----------  min: 18.30354946304143----------
2020-01-12 21:48:19.588727:   [RESULT]   ----------  mid: 21.46910361173204----------
2020-01-12 21:48:19.588888:   [RESULT]   ----------  avg: 21.543985691086615----------
2020-01-12 21:48:19.589019:   [RESULT]   ----------  var: 1.339942256957441----------
2020-01-12 21:48:19.589139:   [RESULT]   ----------stdev: 1.1575587488146946----------
2020-01-12 21:48:19.589298:   [DONE  ]   Limiting CAE Done
2020-01-12 21:48:19.589505:   [START ]   Limiting CPE Start
2020-01-12 21:48:19.590659:   [RESULT]   ----------  max: 24.746885307690185----------
2020-01-12 21:48:19.590811:   [RESULT]   ----------  min: 18.46462686771911----------
2020-01-12 21:48:19.590898:   [RESULT]   ----------  mid: 22.722976464626345----------
2020-01-12 21:48:19.590975:   [RESULT]   ----------  avg: 22.435959405124102----------
2020-01-12 21:48:19.591071:   [RESULT]   ----------  var: 1.8023258496568642----------
2020-01-12 21:48:19.591163:   [RESULT]   ----------stdev: 1.3425072996661374----------
2020-01-12 21:48:19.591251:   [DONE  ]   Limiting CPE Done
2020-01-12 21:48:19.591387:   [RESULT]   ----------Level Limit on KET: 14.168670266654036----------
2020-01-12 21:48:19.591512:   [RESULT]   ----------Level Limit on PET: 17.16183714099507----------
2020-01-12 21:48:19.591658:   [RESULT]   ----------Level Limit on FCE: 19.79508855367734----------
2020-01-12 21:48:19.591756:   [RESULT]   ----------Level Limit on CAE: 22.90507776335368----------
2020-01-12 21:48:19.591864:   [RESULT]   ----------Level Limit on CPE: 23.734930886158267----------
2020-01-12 21:48:19.591972:   [DONE  ]   Traning data Done
2020-01-12 21:48:19.592065:   [START ]   Test Start
2020-01-12 21:48:19.592169:   [DONE  ]   Test Done
2020-01-12 21:48:19.592289:   [START ]   Evaluate Start
2020-01-12 21:48:19.592419:   [DONE  ]   Evaluate Done
2020-01-12 21:48:19.592522:   [RESULT]   ----------Accurrancy on KET: 0.8333333333333334----------
2020-01-12 21:48:19.592605:   [RESULT]   ----------Accurrancy on PET: 1.0----------
2020-01-12 21:48:19.592739:   [RESULT]   ----------Accurrancy on FCE: 0.5----------
2020-01-12 21:48:19.592877:   [RESULT]   ----------Accurrancy on CAE: 0.8333333333333334----------
2020-01-12 21:48:19.593024:   [RESULT]   ----------Accurrancy on CPE: 0.4----------
2020-01-12 21:48:19.593118:   [RESULT]   ----------Accurrancy:        0.7133333333333334----------
2020-01-12 21:48:19.593197:   [DONE  ]   Time 0 Done
2020-01-12 21:48:19.593383:   [START ]   Time 1 Start
2020-01-12 21:48:19.593538:   [START ]   Start Training data
2020-01-12 21:48:19.593639:   [START ]   Limiting KET Start
2020-01-12 21:48:19.594938:   [RESULT]   ----------  max: 15.249035558079637----------
2020-01-12 21:48:19.595063:   [RESULT]   ----------  min: 11.118846628982197----------
2020-01-12 21:48:19.595213:   [RESULT]   ----------  mid: 13.099639142324111----------
2020-01-12 21:48:19.595301:   [RESULT]   ----------  avg: 13.31981077490238----------
2020-01-12 21:48:19.595475:   [RESULT]   ----------  var: 0.9354971663167411----------
2020-01-12 21:48:19.595627:   [RESULT]   ----------stdev: 0.9672110247080216----------
2020-01-12 21:48:19.595770:   [DONE  ]   Limiting KET Done
2020-01-12 21:48:19.595870:   [START ]   Limiting PET Start
2020-01-12 21:48:19.596853:   [RESULT]   ----------  max: 18.493707029048817----------
2020-01-12 21:48:19.596992:   [RESULT]   ----------  min: 14.07905362628056----------
2020-01-12 21:48:19.597095:   [RESULT]   ----------  mid: 15.865088271978752----------
2020-01-12 21:48:19.597177:   [RESULT]   ----------  avg: 16.107280727270236----------
2020-01-12 21:48:19.597272:   [RESULT]   ----------  var: 1.4302114396004209----------
2020-01-12 21:48:19.597348:   [RESULT]   ----------stdev: 1.1959144783806328----------
2020-01-12 21:48:19.597420:   [DONE  ]   Limiting PET Done
2020-01-12 21:48:19.597565:   [START ]   Limiting FCE Start
2020-01-12 21:48:19.599035:   [RESULT]   ----------  max: 20.653810272748345----------
2020-01-12 21:48:19.599241:   [RESULT]   ----------  min: 16.901427869773464----------
2020-01-12 21:48:19.599360:   [RESULT]   ----------  mid: 19.071533742548066----------
2020-01-12 21:48:19.599468:   [RESULT]   ----------  avg: 18.99075324483281----------
2020-01-12 21:48:19.599566:   [RESULT]   ----------  var: 0.7768239100784795----------
2020-01-12 21:48:19.599658:   [RESULT]   ----------stdev: 0.8813761456259634----------
2020-01-12 21:48:19.599753:   [DONE  ]   Limiting FCE Done
2020-01-12 21:48:19.599919:   [START ]   Limiting CAE Start
2020-01-12 21:48:19.601077:   [RESULT]   ----------  max: 23.35073497769331----------
2020-01-12 21:48:19.601299:   [RESULT]   ----------  min: 18.30354946304143----------
2020-01-12 21:48:19.601433:   [RESULT]   ----------  mid: 21.4692399847166----------
2020-01-12 21:48:19.601532:   [RESULT]   ----------  avg: 21.51369497461632----------
2020-01-12 21:48:19.601673:   [RESULT]   ----------  var: 1.2032576206371113----------
2020-01-12 21:48:19.601796:   [RESULT]   ----------stdev: 1.0969310008551638----------
2020-01-12 21:48:19.601961:   [DONE  ]   Limiting CAE Done
2020-01-12 21:48:19.602217:   [START ]   Limiting CPE Start
2020-01-12 21:48:19.603706:   [RESULT]   ----------  max: 24.746885307690185----------
2020-01-12 21:48:19.603901:   [RESULT]   ----------  min: 18.46462686771911----------
2020-01-12 21:48:19.604044:   [RESULT]   ----------  mid: 22.722976464626345----------
2020-01-12 21:48:19.604194:   [RESULT]   ----------  avg: 22.514361661746353----------
2020-01-12 21:48:19.604363:   [RESULT]   ----------  var: 1.8833918423580658----------
2020-01-12 21:48:19.604540:   [RESULT]   ----------stdev: 1.3723672403398683----------
2020-01-12 21:48:19.604665:   [DONE  ]   Limiting CPE Done
2020-01-12 21:48:19.604821:   [RESULT]   ----------Level Limit on KET: 14.174337350201874----------
2020-01-12 21:48:19.605468:   [RESULT]   ----------Level Limit on PET: 17.179397650513785----------
2020-01-12 21:48:19.605612:   [RESULT]   ----------Level Limit on FCE: 19.862672007648207----------
2020-01-12 21:48:19.605823:   [RESULT]   ----------Level Limit on CAE: 22.409987481204958----------
2020-01-12 21:48:19.605944:   [RESULT]   ----------Level Limit on CPE: 23.734930886158267----------
2020-01-12 21:48:19.606068:   [DONE  ]   Traning data Done
2020-01-12 21:48:19.606234:   [START ]   Test Start
2020-01-12 21:48:19.606385:   [DONE  ]   Test Done
2020-01-12 21:48:19.606531:   [START ]   Evaluate Start
2020-01-12 21:48:19.606675:   [DONE  ]   Evaluate Done
2020-01-12 21:48:19.606808:   [RESULT]   ----------Accurrancy on KET: 1.0----------
2020-01-12 21:48:19.606931:   [RESULT]   ----------Accurrancy on PET: 0.8333333333333334----------
2020-01-12 21:48:19.607059:   [RESULT]   ----------Accurrancy on FCE: 0.8333333333333334----------
2020-01-12 21:48:19.607463:   [RESULT]   ----------Accurrancy on CAE: 0.5----------
2020-01-12 21:48:19.607667:   [RESULT]   ----------Accurrancy on CPE: 0.6----------
2020-01-12 21:48:19.607950:   [RESULT]   ----------Accurrancy:        0.7533333333333334----------
2020-01-12 21:48:19.608121:   [DONE  ]   Time 1 Done
2020-01-12 21:48:19.608272:   [START ]   Time 2 Start
2020-01-12 21:48:19.608409:   [START ]   Start Training data
2020-01-12 21:48:19.608634:   [START ]   Limiting KET Start
2020-01-12 21:48:19.610606:   [RESULT]   ----------  max: 15.249035558079637----------
2020-01-12 21:48:19.610844:   [RESULT]   ----------  min: 11.118846628982197----------
2020-01-12 21:48:19.611019:   [RESULT]   ----------  mid: 13.09543627011971----------
2020-01-12 21:48:19.611167:   [RESULT]   ----------  avg: 13.279140067898002----------
2020-01-12 21:48:19.611310:   [RESULT]   ----------  var: 0.9577389336103621----------
2020-01-12 21:48:19.611460:   [RESULT]   ----------stdev: 0.9786413712951042----------
2020-01-12 21:48:19.611651:   [DONE  ]   Limiting KET Done
2020-01-12 21:48:19.611827:   [START ]   Limiting PET Start
2020-01-12 21:48:19.613508:   [RESULT]   ----------  max: 18.493707029048817----------
2020-01-12 21:48:19.613720:   [RESULT]   ----------  min: 14.07905362628056----------
2020-01-12 21:48:19.613823:   [RESULT]   ----------  mid: 15.762872376817782----------
2020-01-12 21:48:19.613911:   [RESULT]   ----------  avg: 16.01383070337818----------
2020-01-12 21:48:19.613994:   [RESULT]   ----------  var: 1.3871279829112237----------
2020-01-12 21:48:19.614090:   [RESULT]   ----------stdev: 1.1777639758929732----------
2020-01-12 21:48:19.614261:   [DONE  ]   Limiting PET Done
2020-01-12 21:48:19.614352:   [START ]   Limiting FCE Start
2020-01-12 21:48:19.615621:   [RESULT]   ----------  max: 20.653810272748345----------
2020-01-12 21:48:19.615753:   [RESULT]   ----------  min: 16.901427869773464----------
2020-01-12 21:48:19.615890:   [RESULT]   ----------  mid: 19.071533742548066----------
2020-01-12 21:48:19.616014:   [RESULT]   ----------  avg: 19.006474376893188----------
2020-01-12 21:48:19.616094:   [RESULT]   ----------  var: 0.7777894258118249----------
2020-01-12 21:48:19.616169:   [RESULT]   ----------stdev: 0.8819237074780476----------
2020-01-12 21:48:19.616243:   [DONE  ]   Limiting FCE Done
2020-01-12 21:48:19.616378:   [START ]   Limiting CAE Start
2020-01-12 21:48:19.617429:   [RESULT]   ----------  max: 24.341051914975317----------
2020-01-12 21:48:19.617549:   [RESULT]   ----------  min: 18.30354946304143----------
2020-01-12 21:48:19.617730:   [RESULT]   ----------  mid: 21.4692399847166----------
2020-01-12 21:48:19.617959:   [RESULT]   ----------  avg: 21.53716611133245----------
2020-01-12 21:48:19.618098:   [RESULT]   ----------  var: 1.4676721969356383----------
2020-01-12 21:48:19.618222:   [RESULT]   ----------stdev: 1.2114752151553239----------
2020-01-12 21:48:19.618393:   [DONE  ]   Limiting CAE Done
2020-01-12 21:48:19.618516:   [START ]   Limiting CPE Start
2020-01-12 21:48:19.619442:   [RESULT]   ----------  max: 24.746885307690185----------
2020-01-12 21:48:19.619546:   [RESULT]   ----------  min: 18.46462686771911----------
2020-01-12 21:48:19.619645:   [RESULT]   ----------  mid: 22.744241965144084----------
2020-01-12 21:48:19.619724:   [RESULT]   ----------  avg: 22.576092759365384----------
2020-01-12 21:48:19.619802:   [RESULT]   ----------  var: 1.7538904057972957----------
2020-01-12 21:48:19.619954:   [RESULT]   ----------stdev: 1.3243452743893096----------
2020-01-12 21:48:19.620094:   [DONE  ]   Limiting CPE Done
2020-01-12 21:48:19.620190:   [RESULT]   ----------Level Limit on KET: 14.172235914099673----------
2020-01-12 21:48:19.620324:   [RESULT]   ----------Level Limit on PET: 17.1282897029333----------
2020-01-12 21:48:19.620469:   [RESULT]   ----------Level Limit on FCE: 19.862672007648207----------
2020-01-12 21:48:19.620580:   [RESULT]   ----------Level Limit on CAE: 22.90514594984596----------
2020-01-12 21:48:19.620671:   [RESULT]   ----------Level Limit on CPE: 23.745563636417135----------
2020-01-12 21:48:19.620752:   [DONE  ]   Traning data Done
2020-01-12 21:48:19.620848:   [START ]   Test Start
2020-01-12 21:48:19.620980:   [DONE  ]   Test Done
2020-01-12 21:48:19.621094:   [START ]   Evaluate Start
2020-01-12 21:48:19.621211:   [DONE  ]   Evaluate Done
2020-01-12 21:48:19.621399:   [RESULT]   ----------Accurrancy on KET: 0.8333333333333334----------
2020-01-12 21:48:19.621485:   [RESULT]   ----------Accurrancy on PET: 0.8333333333333334----------
2020-01-12 21:48:19.621599:   [RESULT]   ----------Accurrancy on FCE: 0.6666666666666666----------
2020-01-12 21:48:19.621714:   [RESULT]   ----------Accurrancy on CAE: 1.0----------
2020-01-12 21:48:19.621817:   [RESULT]   ----------Accurrancy on CPE: 0.2----------
2020-01-12 21:48:19.621963:   [RESULT]   ----------Accurrancy:        0.7066666666666668----------
